cJDJ2000      <- 2451545.0
cDAYPJULCENT  <- 36525.0
cDAYPYEARTROP <- 365.242193
cDAYPYEARSID  <- 365.25636042
cDAYPMONSYN   <- 29.530859
cDAYPMONSID   <- 27.321661

cK       <- 0.01720209895
cC       <- 299792458.0
cRE      <- 6378140.0
cMY      <- 0.01230002
cPRECESS <- 5029.0966
cEPSOBL  <- 23.43929111
cAE      <- 1.49597870E11
cSBYE    <- 332946.0
cSBYEMY  <- 328900.5
cSBYME   <- 6023600.0
cSBYVE   <- 408523.5
cSBYMA   <- 3098710.0
cSBYJU   <- 1047.355
cSBYSA   <- 3498.5
cSBYUR   <- 22869.0
cSBYNE   <- 19314.0
cSBYPL   <- 130000000.0
cSOLBYSID <- 1.00273790934
cSIDBYSOL <- 0.99726956634

DPY <-  cDAYPJULCENT / 100.0
DAYINMONTH <- c(31, 28, 31, 30, 31, 30, 31, 31, 30, 31, 30, 31, 31)
